See https://primes.utm.edu/lists/small/10000.txt
701    
709    
719    
727    
733    
739    
743    
751    
757    
761    
769    
773    
787    
797    
809    
811    
821    
823    
827    
829    
839    
853    
857    
859    
863    
877    
881    
883    
887    
907    
911       
919    
929    
937    
941    
947    
953    
967    
971    
977    
983    
991    
997
1009   
1013 
1019   
1021   
1031   
1033   
1039   
1049   
1051   
1061   
1063
1069 
1087   
1091   
1093   
1097   
1103   
1109   
1117   
1123   
1129   
1151 
1153   
1163   
1171   
1181   
1187   
1193 